//BEGIN MVA SYSTEM BASE DATA
    100 
//BEGIN BUS DATA,(BUS_NR, LABEL, KV_BASE, BUSCODE)
    41,'BUS41  ', 130.0000,1
    42,'BUS42  ', 130.0000,1
    43,'BUS43  ', 130.0000,1
    46,'BUS46  ', 130.0000,1
    47,'BUS47  ', 130.0000,1
    51,'BUS51  ', 130.0000,1
    61,'BUS61  ', 130.0000,1
    62,'BUS62  ', 130.0000,1
    63,'BUS63  ', 130.0000,1
   141,'BUS141 ', 130.0000,1
   142,'BUS142 ', 130.0000,1
   143,'BUS143 ', 130.0000,1
   144,'BUS144 ', 130.0000,1
   145,'BUS145 ', 130.0000,1
  1011,'BUS1011', 130.0000,1
  1012,'BUS1012', 130.0000,2
  1013,'BUS1013', 130.0000,2
  1014,'BUS1014', 130.0000,2
  1021,'BUS1021', 130.0000,2
  1022,'BUS1022', 130.0000,2
  1041,'BUS1041', 130.0000,1
  1042,'BUS1042', 130.0000,2
  1043,'BUS1043', 130.0000,2
  1044,'BUS1044', 130.0000,1
  1045,'BUS1045', 130.0000,1
  2031,'BUS2031', 220.0000,1
  2032,'BUS2032', 220.0000,2
  4011,'BUS4011', 400.0000,3
  4012,'BUS4012', 400.0000,2
  4021,'BUS4021', 400.0000,2
  4022,'BUS4022', 400.0000,1
  4031,'BUS4031', 400.0000,2
  4032,'BUS4032', 400.0000,1
  4041,'BUS4041', 400.0000,2
  4042,'BUS4042', 400.0000,2
  4043,'BUS4043', 400.0000,1
  4044,'BUS4044', 400.0000,1
  4045,'BUS4045', 400.0000,1
  4046,'BUS4046', 400.0000,1
  4047,'BUS4047', 400.0000,2
  4051,'BUS4051', 400.0000,2
  4061,'BUS4061', 400.0000,1
  4062,'BUS4062', 400.0000,2
  4063,'BUS4063', 400.0000,2
  4071,'BUS4071', 400.0000,2
  4072,'BUS4072', 400.0000,2
  //BEGIN LOAD DATA (BUS_NR, P_load MW, Q_load MVAR)   //Add the shunts here...
      41,  540.000,   128.280
      42,  400.000,   125.670
      43,  900.000,   238.830
      46,  700.000,   193.720
      47,  100.000,    45.190
      51,  800.000,   253.220
      61,  500.000,   112.310
      62,  300.000,    80.020
      63,  590.000,   256.190
    1011,  200.000,    80.000
    1012,  300.000,   100.000
    1013,  100.000,    40.000
    1022,  280.000,    -95.000
     141,  600.000,   200.000
     142,  300.000,    80.000
     143,  230.000,   75.000
     144,  800.000,   300.000
     145,  700.000,   250.000
    1041,    0.000,  -200.000
    1043,    0.000,  -250.000
    1044,    0.000,  -200.000
    1045,    0.000,  -200.000
    2031,  100.000,    30.000
    2032,  200.000,    50.000
    4031,    0.000,  -120.000    
    4041,    0.000,  -350.000    
    4042,    0.000,  -450.000    
    4044,    0.000,  -450.000    
    4047,    0.000,  -400.000    
    4051,    0.000,  -400.000    
	4071,  300.000,   450.000
    4072, 2000.000,   300.000
//BEGIN GENERATOR DATA (BUS_NR, MVA_SIZE, P_GEN_MW, X, X2, X0, Xn, GRND) // GRND: 1=grounded; 0:ungrounded
  1012,   800.000,    600.000,  0.20000,  0.20000,  0.05000,   0.03000, 1
  1013,   600.000,    300.000,  0.20000,  0.20000,  0.05000,   0.03000, 1
  1014,   700.000,    550.000,  0.20000,  0.20000,  0.05000,   0.03000, 1
  1021,   600.000,    400.000,  0.20000,  0.20000,  0.05000,   0.03000, 1
  1022,   250.000,    200.000,  0.20000,  0.20000,  0.05000,   0.03000, 1
  1042,   400.000,    360.000,  0.20000,  0.20000,  0.05000,   0.03000, 1
  1043,   200.000,    180.000,  0.20000,  0.20000,  0.05000,   0.03000, 1
  2032,   850.000,    750.000,  0.20000,  0.20000,  0.05000,   0.03000, 1
  4011,  1000.000,    668.292,  0.20000,  0.20000,  0.05000,   0.03000, 1
  4012,   800.000,    600.000,  0.20000,  0.20000,  0.05000,   0.03000, 1
  4021,   300.000,    250.000,  0.20000,  0.20000,  0.05000,   0.03000, 1
  4031,   350.000,    310.000,  0.20000,  0.20000,  0.05000,   0.03000, 1
  4041,   300.000,      0.000,  0.20000,  0.20000,  0.05000,   0.03000, 1
  4042,   700.000,    630.000,  0.20000,  0.20000,  0.05000,   0.03000, 1
  4047,  1200.000,   1080.000,  0.20000,  0.20000,  0.05000,   0.03000, 1
  4051,   700.000,    600.000,  0.20000,  0.20000,  0.05000,   0.03000, 1
  4062,   600.000,    530.000,  0.20000,  0.20000,  0.05000,   0.03000, 1
  4063,  1200.000,   1060.000,  0.20000,  0.20000,  0.05000,   0.03000, 1
  4071,   500.000,    300.000,  0.20000,  0.20000,  0.05000,   0.03000, 1
  4072,  4500.000,   2000.000,  0.20000,  0.20000,  0.05000,   0.03000, 1
//BEGIN LINE DATA (FROM_BUS, TO_BUS, ID, R, X, B, X2, X0, MVA_rating)	
  1011,   1013,'1 ',   0.01000,   0.07000,    0.01400, 0.07000, 0.07000,   500
  1011,   1013,'2 ',   0.01000,   0.07000,    0.01400, 0.07000, 0.07000,   500
  1012,   1014,'1 ',   0.01400,   0.09000,    0.01800, 0.09000, 0.09000,   500
  1012,   1014,'2 ',   0.01400,   0.09000,    0.01800, 0.09000, 0.09000,   500
  1013,   1014,'1 ',   0.00700,   0.05000,    0.01000, 0.05000, 0.05000,   500
  1013,   1014,'2 ',   0.00700,   0.05000,    0.01000, 0.05000, 0.05000,   500
  1021,   1022,'1 ',   0.03000,   0.20000,    0.03000, 0.20000, 0.20000,   500
  1021,   1022,'2 ',   0.03000,   0.20000,    0.03000, 0.20000, 0.20000,   500
  1041,   1043,'1 ',   0.01000,   0.06000,    0.01200, 0.06000, 0.06000,   350
  1041,   1043,'2 ',   0.01000,   0.06000,    0.01200, 0.06000, 0.06000,   350
  1041,   1045,'1 ',   0.01500,   0.12000,    0.02500, 0.12000, 0.12000,   250
  1041,   1045,'2 ',   0.01500,   0.12000,    0.02500, 0.12000, 0.12000,   250
  1042,   1044,'1 ',   0.03800,   0.28000,    0.06000, 0.28000, 0.28000,   250
  1042,   1044,'2 ',   0.03800,   0.28000,    0.06000, 0.28000, 0.28000,   250
  1042,   1045,'1 ',   0.05000,   0.30000,    0.06000, 0.30000, 0.30000,   250
  1043,   1044,'1 ',   0.01000,   0.08000,    0.01600, 0.08000, 0.08000,   350
  1043,   1044,'2 ',   0.01000,   0.08000,    0.01600, 0.08000, 0.08000,   350
  2031,   2032,'1 ',   0.01200,   0.09000,    0.01500, 0.09000, 0.09000,   750
  2031,   2032,'2 ',   0.01200,   0.09000,    0.01500, 0.09000, 0.09000,   750
  4011,   4012,'1 ',   0.00100,   0.00800,    0.20000, 0.00800, 0.00800,   950
  4011,   4021,'1 ',   0.00600,   0.06000,    1.80000, 0.06000, 0.06000,   950
  4011,   4022,'1 ',   0.00400,   0.04000,    1.20000, 0.04000, 0.04000,   950
  4011,   4071,'1 ',   0.00500,   0.04500,    1.40000, 0.04500, 0.04500,   750
  4012,   4022,'1 ',   0.00400,   0.03500,    1.05000, 0.03500, 0.03500,   950
  4012,   4071,'1 ',   0.00500,   0.05000,    1.50000, 0.05000, 0.05000,   750
  4021,   4032,'1 ',   0.00400,   0.04000,    1.20000, 0.04000, 0.04000,   750
  4021,   4042,'1 ',   0.01000,   0.06000,    3.00000, 0.06000, 0.06000,   750
  4022,   4031,'1 ',   0.00400,   0.04000,    1.20000, 0.04000, 0.04000,   900
  4022,   4031,'2 ',   0.00400,   0.04000,    1.20000, 0.04000, 0.04000,   900
  4031,   4032,'1 ',   0.00100,   0.01000,    0.30000, 0.01000, 0.01000,   950
  4031,   4041,'1 ',   0.00600,   0.04000,    2.40000, 0.04000, 0.04000,   900
  4031,   4041,'2 ',   0.00600,   0.04000,    2.40000, 0.04000, 0.04000,   750
  4032,   4042,'1 ',   0.01000,   0.04000,    2.00000, 0.04000, 0.04000,   750
  4032,   4044,'1 ',   0.00600,   0.05000,    2.40000, 0.05000, 0.05000,   750
  4041,   4044,'1 ',   0.00300,   0.03000,    0.90000, 0.03000, 0.03000,   750
  4041,   4061,'1 ',   0.00600,   0.04500,    1.30000, 0.04500, 0.04500,   900
  4042,   4043,'1 ',   0.00200,   0.01500,    0.50000, 0.01500, 0.01500,   900
  4042,   4044,'1 ',   0.00200,   0.02000,    0.60000, 0.02000, 0.02000,   900
  4043,   4044,'1 ',   0.00100,   0.01000,    0.30000, 0.01000, 0.01000,   900
  4043,   4046,'1 ',   0.00100,   0.01000,    0.30000, 0.01000, 0.01000,   500
  4043,   4047,'1 ',   0.00200,   0.02000,    0.60000, 0.02000, 0.02000,   500
  4044,   4045,'1 ',   0.00200,   0.02000,    0.60000, 0.02000, 0.02000,   500
  4044,   4045,'2 ',   0.00200,   0.02000,    0.60000, 0.02000, 0.02000,   500
  4045,   4051,'1 ',   0.00400,   0.04000,    1.20000, 0.04000, 0.04000,   500
  4045,   4051,'2 ',   0.00400,   0.04000,    1.20000, 0.04000, 0.04000,   500
  4045,   4062,'1 ',   0.01100,   0.08000,    2.40000, 0.08000, 0.08000,   500
  4046,   4047,'1 ',   0.00100,   0.01500,    0.50000, 0.01500, 0.01500,   750
  4061,   4062,'1 ',   0.00200,   0.02000,    0.60000, 0.02000, 0.02000,   500
  4062,   4063,'1 ',   0.00300,   0.03000,    0.90000, 0.03000, 0.03000,   500
  4062,   4063,'2 ',   0.00300,   0.03000,    0.90000, 0.03000, 0.03000,   500
  4071,   4072,'1 ',   0.00300,   0.03000,    3.00000, 0.03000, 0.03000,   500
  4071,   4072,'2 ',   0.00300,   0.03000,    3.00000, 0.03000, 0.03000,   500
//BEGIN TRANSFORMER DATA (FROM_BUS, TO_BUS, ID, R, X, n, ANG1, FROM_CON, TO_CON, X2, X0, MVA_rating)	//Transformer connection (FROM_CON, TO_CON): 1=Y, 2=Yg, 3=D  
  41,  4041, '1 ', 0.00000,   0.01000, 1.00000,  0.000, 2, 2, 0.012, 0.012, 1000.00
  42,  4042, '1 ', 0.00000,   0.01300, 1.00000,  0.000, 2, 2, 0.012, 0.012, 1000.00
  43,  4043, '1 ', 0.00000,   0.00700, 1.00000,  0.000, 2, 2, 0.012, 0.012, 1000.00
  46,  4046, '1 ', 0.00000,   0.01000, 1.00000,  0.000, 2, 2, 0.012, 0.012, 1000.00
  47,  4047, '1 ', 0.00000,   0.04000, 1.00000,  0.000, 2, 2, 0.012, 0.012, 1000.00
  51,  4051, '1 ', 0.00000,   0.00700, 1.00000,  0.000, 2, 2, 0.012, 0.012, 1000.00
  61,  4061, '1 ', 0.00000,   0.01300, 1.00000,  0.000, 2, 2, 0.012, 0.012, 1000.00
  62,  4062, '1 ', 0.00000,   0.02000, 1.00000,  0.000, 2, 2, 0.012, 0.012, 1000.00
  63,  4063, '1 ', 0.00000,   0.01000, 1.00000,  0.000, 2, 2, 0.012, 0.012, 1000.00
1011,  4011, '1 ', 0.00000,   0.00800, 1.00000,  0.000, 2, 2, 0.012, 0.012, 1000.00
1012,  4012, '1 ', 0.00000,   0.00800, 1.00000,  0.000, 2, 2, 0.012, 0.012, 1000.00
1022,  4022, '1 ', 0.00000,   0.01200, 1.00000,  0.000, 2, 2, 0.012, 0.012, 1000.00
1044,  4044, '1 ', 0.00000,   0.01000, 1.00000,  0.000, 2, 2, 0.012, 0.012, 1000.00
1044,  4044, '2 ', 0.00000,   0.01000, 1.00000,  0.000, 2, 2, 0.012, 0.012, 1000.00
1045,  4045, '1 ', 0.00000,   0.01000, 1.00000,  0.000, 2, 2, 0.012, 0.012, 1000.00
1045,  4045, '2 ', 0.00000,   0.01000, 1.00000,  0.000, 2, 2, 0.012, 0.012, 1000.00
2031,  4031, '1 ', 0.00000,   0.01200, 1.00000,  0.000, 2, 2, 0.012, 0.012, 1000.00
 141,  1041, '1 ', 0.00000,   0.01000, 1.00000,  0.000, 2, 2, 0.012, 0.012, 750.00
 142,  1042, '1 ', 0.00000,   0.01000, 1.00000,  0.000, 2, 2, 0.012, 0.012, 750.00
 143,  1043, '1 ', 0.00000,   0.01000, 1.00000,  0.000, 2, 2, 0.012, 0.012, 750.00
 144,  1044, '1 ', 0.00000,   0.01000, 1.00000,  0.000, 2, 2, 0.012, 0.012, 1000.00
 145,  1045, '1 ', 0.00000,   0.01000, 1.00000,  0.000, 2, 2, 0.012, 0.012, 1000.00
